((("tf" .
   [1 0])
  ("tensorflow" .
   [0 0 0 0 1 0 0 0 0 0])
  ("LSTM" .
   [0 0 1 0])
  ("n_dim" .
   [0 0 2 0 0])
  ("timesteps" .
   [0 0 0 1 0 0 1 0 0])
  ("reshape" .
   [0 0 0 0 1 0 0])
  ("set_trace" .
   [0 0 0 2 1 0 0 0 0])
  ("s" .
   [1])
  ("insert" .
   [0 0 0 1 0 0])
  ("set" .
   [1 0 0])
  ("columns" .
   [0 0 0 0 1 0 0])
  ("DataFrame" .
   [0 0 0 0 0 1 0 0 0])
  ("pd" .
   [2 0])
  ("ncols" .
   [0 0 2 0 0])
  ("nrows" .
   [0 0 1 0 0])
  ("n" .
   [1])
  ("np" .
   [1 0])
  ("numpy" .
   [1 0 0 0 0])
  ("import" .
   [0 0 1 0 0 0])
  ("data" .
   [3 0 0 0])
  ("a" .
   [1])
  ("pandas" .
   [0 0 0 0 1 0])
  ("df" .
   [4 0])
  ("preprocess" .
   [0 0 0 2 0 0 0 0 0 0])
  ("LSTM_Var_Autoencoder" .
   [0 0 0 0 0 1 1 0 0 0 0 0 0 0 0 0 0 0 0 0])
  ("LstmVAE" .
   [0 1 0 0 1 0 0])
  ("from" .
   [0 0 1 0])
  ("Alias" .
   [0 0 0 2 0])
  ("shape" .
   [0 0 1 0 0])
  ("LD_LIBRARY_PATH" .
   [0 0 1 0 0 0 0 0 0 0 0 0 0 0 0])
  ("ipdb" .
   [0 0 10 0])
  ("source" .
   [0 0 0 0 0 1])
  ("path" .
   [0 0 1 0])
  ("environ" .
   [0 0 0 1 0 0 0])))
